89 0 1
3 0 1
90 0 1
96 0 1
88 0 1
90 0 0
90 2 1
96 0 0
96 2 1
89 0 0
89 1 1
72 0 1
80 0 1
38 0 1
80 0 0
80 3 1
88 0 0
88 3 1
72 0 0
72 1 1
83 3 1
22 0 1
17 0 1
40 0 1
38 0 0
38 4 1
40 0 0
40 4 1
22 0 0
22 1 1
25 4 1
0 0 1
23 4 1
53 4 1
19 0 1
40 4 0
40 5 1
53 4 0
53 5 1
38 4 0
38 1 1
63 5 1
30 4 1
2 0 1
35 4 1
86 3 1
77 3 1
92 2 1
98 2 1
60 5 1
17 0 0
17 6 1
19 0 0
19 6 1
3 0 0
3 1 1
21 6 1
72 1 0
72 8 1
89 1 0
89 8 1
38 1 0
38 7 1
32 4 1
46 5 1
60 5 0
60 9 1
63 5 0
63 9 1
53 5 0
53 8 1
45 5 1
32 4 0
32 10 1
35 4 0
35 10 1
30 4 0
30 1 1
28 4 1
13 6 1
14 6 1
42 5 1
61 9 1
64 9 1
19 6 0
19 11 1
21 6 0
21 11 1
17 6 0
17 1 1
6 6 1
27 4 1
33 10 1
58 9 1
99 2 1
63 9 0
63 12 1
64 9 0
64 12 1
61 9 0
61 8 1
69 12 1
98 2 0
98 13 1
99 2 0
99 13 1
96 2 0
96 8 1
93 2 1
89 8 0
89 14 1
96 8 0
96 14 1
72 8 0
72 7 1
56 9 1
62 12 1
12 6 1
5 6 1
86 3 0
86 15 1
88 3 0
88 15 1
83 3 0
83 14 1
81 3 1
44 5 1
84 15 1
55 9 1
45 5 0
45 16 1
46 5 0
46 16 1
44 5 0
44 8 1
50 16 1
70 12 1
36 10 1
20 11 1
78 3 1
37 10 1
59 9 1
75 3 1
97 13 1
69 12 0
69 17 1
70 12 0
70 17 1
64 12 0
64 8 1
66 17 1
85 15 1
13 6 0
13 18 1
14 6 0
14 18 1
12 6 0
12 1 1
11 6 1
91 2 1
22 1 0
22 19 1
30 1 0
30 19 1
17 1 0
17 7 1
8 6 1
49 16 1
59 9 0
59 20 1
60 9 0
60 20 1
58 9 0
58 8 1
54 9 1
36 10 0
36 21 1
37 10 0
37 21 1
35 10 0
35 19 1
31 10 1
34 10 1
61 8 0
61 22 1
64 8 0
64 22 1
58 8 0
58 7 1
65 17 1
15 18 1
51 16 1
68 17 1
50 16 0
50 23 1
51 16 0
51 23 1
49 16 0
49 8 1
47 16 1
24 4 1
69 17 0
69 24 1
70 17 0
70 24 1
68 17 0
68 22 1
67 17 1
80 3 0
80 25 1
81 3 0
81 25 1
78 3 0
78 14 1
79 25 1
82 25 1
18 11 1
1 0 1
76 3 1
48 16 1
87 15 1
7 6 1
71 24 1
16 18 1
57 9 1
52 23 1
73 3 1
8 6 0
8 26 1
11 6 0
11 26 1
7 6 0
7 1 1
9 26 1
95 2 1
93 2 0
93 27 1
95 2 0
95 27 1
92 2 0
92 14 1
94 27 1
10 26 1
39 5 1
27 4 0
27 28 1
28 4 0
28 28 1
25 4 0
25 19 1
26 28 1
92 14 0
92 29 1
96 14 0
96 29 1
89 14 0
89 7 1
74 3 1
72 7 0
72 31 1
89 7 0
89 31 1
58 7 0
58 30 1
4 6 1
29 28 1
43 5 1
41 5 1
